;Exported by: Matty
;Date:        Sat Jun 28 23:34:07 2008
;File:        C:\Users\Matty\Documents\3dsmax\scenes\L85A2.max
{Skeleton
	{bone "drawcall_0"
		{Orientation
			1.1433	0	0
			0	-1	0
			0	0	1
		}
		{VolumeView "drawcall_0.ply"}
		{bone "handle"
			{Matrix34
				0.999848	0.000172375	0.0174519
				0	0.999952	-0.00980777
				-0.0174527	0.0098151	0.999799
				2.09813	0.520733	-0.0406682
			}
		}
		{bone "foresight3"
			{Matrix34
				0.999848	0.000172375	0.0174519
				0	0.999952	-0.00980777
				-0.0174527	0.0098151	0.999799
				9.16796	1.73509	0.0709341
			}
		}
               {bone "fxshell"
			{Matrix34
				0	0.45399	0.891007
				-1	0	0
				0	-0.891007	0.45399
				-3.91338	1.25525	0.202325
			}
                      
		}
	}
}
{Volume "body"
	{Box 1.81843 7.20877 15.4077}
	{Bone "drawcall_0"}
	{Matrix34
		0.017452	-0.00982556	-0.999799
		0	0.999952	-0.00979884
		0.999848	0.000171829	0.0174522
		0.89503	1.0241	-0.048101
	}
}
{Volume "select"
	{Box 2.4267 8.0426 16.1953}
	{Bone "drawcall_0"}
	{Matrix34
		0.017452	-0.00982556	-0.999799
		0	0.999952	-0.00979884
		0.999848	0.000171829	0.0174522
		0.899358	0.979653	-0.0476058
	}
}
{Extender "preview"
	{"stuff"
		{camera
			{origin 0.612807	-1.24064	18.2717}
			{lookat 1.13343	-0.934938	-11.5536}
			{fov 45}
			{horizon -105.425}
		}
		{lights
			{"0"
				{type directional}
				{direction 0.00869554	0.0467485	-0.497734}
			}
		}
	}
	{"stuff_primary"
		{camera
			{origin 0.613047	-1.24051	18.2589}
			{lookat 1.03747	-1.07177	-6.05618}
			{fov 45}
			{horizon -111.688}
		}
		{lights
			{"0"
				{type directional}
				{direction 0.00871555	0.0295483	-0.49905}
			}
		}
	}
}
