;Exported by: Maks
;Date:        Sat Sep 20 23:41:26 2014
;File:        D:\Users\Maks\Documents\3dsmax\scenes\Разраб\Стрелковка\Автоматы\Калаши\АКС-74+ГП-25+1П29.max
{Skeleton
	{bone "box01"
		{Orientation
			1	0	0
			0	-1	0
			0	0	1
		}
		{VolumeView "box01.ply"}
		{bone "foresight3"
			{Matrix34
				0.998924	0.0193845	-0.0421385
				-0.0421037	-0.0022022	-0.999111
				-0.0194601	0.99981	-0.00138366
				14.3323	2.11372	-0.293745
			}
		}
		{bone "fxshell"
			{Matrix34
				0.0421302	0.00220224	0.99911
				0.998921	0.0194818	-0.0421652
				-0.0195495	0.999808	-0.00137942
				3.93994	2.33821	0.776582
			}
		}
		{bone "planka"
			{Matrix34
				0.0421303	0.00220076	0.99911
				0.998924	0.0193268	-0.042165
				-0.0194024	0.999811	-0.00138414
				1.32697	1.718	-0.113375
			}
			{VolumeView "planka.ply"}
		}
		{bone "1p78_pricel"
			{Matrix34
				0.0421303	0.0022012	0.99911
				0.998923	0.0193745	-0.0421651
				-0.01945	0.99981	-0.00138258
				1.56104	2.84951	0.663613
			}
			{VolumeView "1p78_pricel.ply"}
		}
	}
}
{Volume "body"
	{Box 17.8731 1.07526 2.71658}
	{Bone "box01"}
	{Matrix34
		0.998924	0.0193845	-0.0421385
		-0.0421037	-0.0022022	-0.999111
		-0.0194602	0.99981	-0.00138366
		3.46486	1.40482	0.11277
	}
}
{Volume "select"
	{Box 17.8731 1.07526 2.71658}
	{Bone "box01"}
	{Matrix34
		0.998924	0.0193845	-0.0421385
		-0.0421037	-0.0022022	-0.999111
		-0.0194602	0.99981	-0.00138366
		3.98608	1.41619	0.0907658
	}
}
{Extender "preview"
	{"Stuff"
		{camera
			{origin 6.62818	-6.3698	32.1661}
			{lookat 6.14337	-3.61943	15.6367}
			{fov 45}
			{horizon -177.044}
		}
		{lights
			{"0"
				{type point}
				{position 14.5696	-4.38938	7.74909}
			}
			{"1"
				{type directional}
				{direction -0.0660742	0.202516	-0.452351}
			}
			{"2"
				{type point}
				{position -3.56448	-2.58428	6.17975}
			}
		}
	}
	{"Stuff_primary"
		{camera
			{origin 6.63234	-6.4833	32.8271}
			{lookat 6.12813	-3.62293	15.6366}
			{fov 45}
			{horizon -177.044}
		}
		{lights
			{"0"
				{type point}
				{position 14.5696	-4.38938	7.74909}
			}
			{"1"
				{type directional}
				{direction -0.0660742	0.202516	-0.452351}
			}
			{"2"
				{type point}
				{position -3.56448	-2.58428	6.17975}
			}
		}
	}
}
