;Exported by: Administrator
;Date:        Tue Mar 20 20:53:01 2018
;File:        C:\Users\Administrator\Desktop\umodel_win32\UmodelExport\VH_M1A1\plugin.max
{Skeleton
	{animation
		{sequence "start"}
		{sequence "stop"}
		{sequence "fire"}
		{sequence "open" {resume}}
		{sequence "open2" {resume}}
		{sequence "open_driver" {resume}}
		{sequence "hit"}
		{sequence "fire_mgun"}
		{sequence "fire_mgun2"}
	}
	{bone "basis"
		{parameters "Wheelradius=0.4;"}
		{Orientation
			1	0	0
			0	-1	0
			0	0	1
		}
		{bone "emit2"
			{Matrix34
				0	1	0
				-1	0	0
				0	0	1
				23.2525	-52.9463	0
			}
			{visibility 0}
		}
		{bone "emit3"
			{Matrix34
				0	-1	0
				1	0	0
				0	0	1
				-35.3393	48.0903	0
			}
			{visibility 0}
		}
		{bone "emit4"
			{Matrix34
				0	-1	0
				1	0	0
				0	0	1
				-52.2321	48.0903	0
			}
			{visibility 0}
		}
		{bone "emit6"
			{Matrix34
				0	1	0
				-1	0	0
				0	0	1
				-35.4218	-52.9463	0
			}
			{visibility 0}
		}
		{bone "emit5"
			{Matrix34
				0	1	0
				-1	0	0
				0	0	1
				-51.9834	-52.9463	0
			}
			{visibility 0}
		}
		{bone "emit0"
			{Matrix34
				-1	0	0
				0	-1	0
				0	0	1
				86.4501	-1.03418	0
			}
		}
		{bone "emit1"
			{Matrix34
				0	-1	0
				1	0	0
				0	0	1
				20.2148	48.0903	0
			}
			{visibility 0}
		}
		{bone "body"
			{parameters "ID=body;"}
			{animation
				{sequence "repair" {file "body_r.anm"}}
			}
			{Position 0.161962	-1.28871	16.492}
			{VolumeView "body.ply"}
			{bone "smoke_ammo"}
			{bone revolute "turret"
				{parameters "ID=turret;"}
				{animation
					{sequence "repair" {file "turret_r.anm"}}
				}
				{speed 0.01}
				{Position 11.0865	1.29584	12.7373}
				{VolumeView "turret.ply"}
				{bone "launch_base"
					{Matrix34
						1	0	0
						0	-1	0
						0	0	-1
						5.38034	-0.00711846	16.7753
					}
					{bone "smoke01"
						{Matrix34
							0.972989	0.174568	-0.151058
							-0.164926	0.983506	0.0742609
							0.16153	-0.0473416	0.985732
							2.34436	28.2537	1.63031
						}
					}
					{bone "smoke02"
						{Matrix34
							0.776571	0.621255	-0.104783
							-0.608351	0.782659	0.131733
							0.163849	-0.0385554	0.985732
							1.0588	29.7387	1.63031
						}
					}
					{bone "smoke03"
						{Matrix34
							0.882492	0.452966	-0.126609
							-0.441182	0.890537	0.11092
							0.162993	-0.0420281	0.985732
							1.86613	28.9898	2.85053
						}
					}
					{bone "smoke04"
						{Matrix34
							0.603387	0.791066	-0.10069
							-0.779487	0.611723	0.134887
							0.168299	-0.00290235	0.985732
							0.728006	30.2146	3.95588
						}
					}
					{bone "smoke05"
						{Matrix34
							0.503159	0.858308	-0.10069
							-0.847824	0.512836	0.134887
							0.167412	0.0174979	0.985732
							-0.252666	30.8243	3.07318
						}
					}
					{bone "smoke06"
						{Matrix34
							0.205654	0.973431	-0.10069
							-0.966548	0.218152	0.134887
							0.153269	0.0695819	0.985732
							-1.29486	31.4161	1.9646
						}
					}
					{bone "smoke07"
						{Matrix34
							0.9837	-0.0975531	-0.151058
							0.109699	0.991187	0.0742609
							0.142482	-0.0896212	0.985732
							2.34431	-28.5426	1.6303
						}
					}
					{bone "smoke08"
						{Matrix34
							0.943507	-0.306212	-0.126609
							0.320226	0.940825	0.11092
							0.0851524	-0.145197	0.985732
							1.86609	-29.2765	2.85052
						}
					}
					{bone "smoke09"
						{Matrix34
							0.736295	-0.668499	-0.104783
							0.676552	0.724516	0.131733
							-0.0121465	-0.167886	0.985732
							1.05876	-30.0101	1.6303
						}
					}
					{bone "smoke10"
						{Matrix34
							0.530953	-0.841398	-0.100691
							0.845173	0.517193	0.134887
							-0.0614177	-0.15672	0.985732
							0.727957	-30.6486	3.95586
						}
					}
					{bone "smoke11"
						{Matrix34
							0.350383	-0.931178	-0.100691
							0.932101	0.336144	0.134887
							-0.0917577	-0.141116	0.985732
							-0.252716	-31.2899	3.07317
						}
					}
					{bone "smoke12"
						{Matrix34
							0.107785	-0.989062	-0.100691
							0.986415	0.0937642	0.134887
							-0.123971	-0.113861	0.985732
							-1.29491	-31.9009	1.96459
						}
					}
				}
				{bone revolute "gun_rot"
					{parameters "ID=turret;"}
					{limits -15 15}
					{speed 0.01}
					{Matrix34
						1	0	0
						0	0	-1
						0	1	0
						28.6044	-1.29583	8.43486
					}
					{VolumeView "gun_rot.ply"}
					{bone "foresight5"
						{Matrix34
							1	0	0
							0	0	-1
							0	1	0
							14.1612	-2.28048	-4.97177
						}
					}
					{bone "gun"
						{parameters "ID=gun;"}
						{Matrix34
							1	0	0
							0	0	1
							0	-1	0
							7.26725	0.27047	1.30424
						}
						{VolumeView "gun.ply"}
						{bone prizmatic "foresight1"
							{Matrix34
								1	0	0
								0	0	1
								0	-1	0
								72.5909	0.189745	0.10162
							}
						}
					}
				}
				{bone revolute "turret_mgun2"
					{parameters "ID=turret;"}
					{Position -13.5024	9.58239	17.34}
					{VolumeView "turret_mgun2.ply"}
					{bone revolute "mgun2_rot"
						{parameters "ID=turret;"}
						{Matrix34
							1	0	0
							0	0	-1
							0	1	0
							7.06284	-0.383401	6.61188
						}
						{VolumeView "mgun2_rot.ply"}
						{bone "mgun2"
							{parameters "ID=turret;"}
							{Position -1.02921	-0.357643	0.498362}
							{VolumeView "mgun2.ply"}
							{bone "foresight4"
								{Matrix34
									1	0	0
									0	0	-1
									0	1	0
									11.8817	-0.303413	-0.0974274
								}
							}
						}
					}
					{bone "gunner3"
						{Matrix34
							0.999338	0	-0.0363878
							0	1	0
							0.0363878	0	0.999338
							-0.501619	-0.537728	-18.5389
						}
					}
				}
				{bone revolute "turret_mgun"
					{parameters "ID=turret;"}
					{Position -13.4523	-8.2278	17.4963}
					{VolumeView "turret_mgun.ply"}
					{bone "cover1"
						{parameters "ID=turret;"}
						{Position -6.07364	0	4.61082}
						{VolumeView "cover1.ply"}
					}
					{bone "gunner2"
						{Matrix34
							0.999338	0	-0.0363878
							0	1	0
							0.0363878	0	0.999338
							-0.0583391	-0.147441	-18.6953
						}
					}
					{bone revolute "mgun_rot"
						{parameters "ID=turret;"}
						{Matrix34
							1	0	0
							0	0	-1
							0	1	0
							11.3967	3.43064	7.61849
						}
						{VolumeView "mgun_rot.ply"}
						{bone "mgun"
							{parameters "ID=turret;"}
							{Position -0.12026	-0.224697	-3.22426}
							{VolumeView "mgun.ply"}
							{bone "foresight3"
								{Matrix34
									1	0	0
									0	0	-1
									0	1	0
									28.763	-1.24644	-0.0396748
								}
							}
						}
					}
				}
				{bone "anten1"
					{parameters "ID=turret;"}
					{Position -50.4664	20.5151	22.0891}
					{VolumeView "anten1.ply"}
				}
				{bone "anten2"
					{parameters "ID=turret;"}
					{Position -50.4664	-20.5331	22.0891}
					{VolumeView "anten2.ply"}
				}
				{bone "enumerator"
					{Matrix34
						0.941402	-0.303343	-0.147466
						-0.0764927	-0.61783	0.782582
						-0.3285	-0.725444	-0.60483
						-13.9814	-30.5906	7.86415
					}
					{VolumeView "enumerator.ply"}
				}
				{bone "visor1"
					{Position 11.3344	-14.6859	18.2356}
				}
				{bone "cover2"
					{parameters "ID=turret;"}
					{Matrix34
						0.846909	0.531738	0
						-0.531738	0.846909	0
						0	0	1
						-18.9149	6.27913	18.333
					}
					{VolumeView "cover2.ply"}
				}
			}
			{bone "door_front"
				{parameters "ID=body;"}
				{Matrix34
					0.994065	0	-0.108783
					0	1	0
					0.108783	0	0.994065
					42.0354	-6.73165	13.3533
				}
				{VolumeView "door_front.ply"}
			}
			{bone revolute "wheell1"
				{parameters "ID=trackleft;"}
				{Matrix34
					1	0	0
					0	0	-1
					0	1	0
					65.9169	29.5552	0.718309
				}
				{VolumeView "wheell1.ply"}
			}
			{bone revolute "wheell9"
				{parameters "ID=trackleft;"}
				{Matrix34
					1	0	0
					0	0	-1
					0	1	0
					-60.1035	30.1998	2.61228
				}
				{VolumeView "wheell9.ply"}
			}
			{bone revolute "wheelr1"
				{parameters "ID=trackright;"}
				{Matrix34
					-1	0	0
					0	0	1
					0	1	0
					65.9169	-26.9636	0.718302
				}
				{VolumeView "wheelr1.ply"}
			}
			{bone revolute "wheelr9"
				{parameters "ID=trackright;"}
				{Matrix34
					-1	0	0
					0	0	1
					0	1	0
					-60.1035	-27.6152	2.61227
				}
				{VolumeView "wheelr9.ply"}
			}
			{bone "engine"
				{parameters "ID=engine;"}
				{animation
					{sequence "repair" {file "engine_r.anm"}}
				}
				{Position -53.8708	1.28871	17.5784}
				{VolumeView "engine.ply"}
			}
			{bone "shieldr4"
				{parameters "ID=shieldR4;"}
				{Position -2.06402	-34.2172	4.74125}
				{VolumeView "shieldr4.ply"}
			}
			{bone "shieldr1"
				{parameters "ID=shieldR1;"}
				{Position 55.6096	-34.0412	3.39697}
				{VolumeView "shieldr1.ply"}
			}
			{bone "shieldr2"
				{parameters "ID=shieldR2;"}
				{Position 25.7511	-34.2228	4.40996}
				{VolumeView "shieldr2.ply"}
			}
			{bone "shieldr3"
				{parameters "ID=shieldR3;"}
				{Position 9.73508	-34.0412	4.74568}
				{VolumeView "shieldr3.ply"}
			}
			{bone "shieldl4"
				{parameters "ID=shieldL4;"}
				{Position -2.06401	36.8089	4.74125}
				{VolumeView "shieldl4.ply"}
			}
			{bone "shieldl2"
				{parameters "ID=shieldL2;"}
				{Position 25.7511	36.6328	4.74496}
				{VolumeView "shieldl2.ply"}
			}
			{bone "shieldl3"
				{parameters "ID=shieldL3;"}
				{Position 9.73508	36.6328	4.74569}
				{VolumeView "shieldl3.ply"}
			}
			{bone "shieldl1"
				{parameters "ID=shieldL1;"}
				{Position 55.6096	36.6328	3.39697}
				{VolumeView "shieldl1.ply"}
			}
			{bone "fxsmoke2"
				{Matrix34
					-0.735677	0.0490609	0.675554
					-0.0199648	-0.998511	0.0507734
					0.677039	0.0238655	0.73556
					-77.7043	-14.0119	8.89723
				}
			}
			{bone "fxsmoke1"
				{Matrix34
					-0.735677	0.0490609	0.675554
					-0.0199648	-0.998511	0.0507734
					0.677039	0.0238655	0.73556
					-77.7043	14.5598	8.89723
				}
			}
			{bone "seat02"
				{Matrix34
					0	0.984808	0.173648
					-1	0	0
					0	-0.173648	0.984808
					-63.5657	32.2415	14.1407
				}
			}
			{bone "seat03"
				{Matrix34
					0	-0.984808	0.173648
					1	0	0
					0	0.173648	0.984808
					-63.1697	-32.17	14.1407
				}
			}
			{bone "seat01"
				{Matrix34
					0.254786	0.952307	0.167917
					-0.966998	0.250915	0.0442433
					0	-0.173648	0.984808
					-46.887	32.2415	13.8525
				}
			}
			{bone "seat04"
				{Matrix34
					0.293223	-0.94152	0.166015
					0.956044	0.288768	-0.0509176
					0	0.173648	0.984808
					-46.887	-32.17	13.8525
				}
			}
			{bone "fxfire2"
				{Matrix34
					0	0	1
					0	-1	0
					1	0	0
					-1.74145	0.940345	4.90074
				}
			}
			{bone "visor2"
				{Position 44.6693	1.2498	13.7483}
			}
			{bone "shieldr7"
				{parameters "ID=shieldR7;"}
				{Position -60.8995	-34.2228	4.10006}
				{VolumeView "shieldr7.ply"}
			}
			{bone "shieldr5"
				{parameters "ID=shieldR5;"}
				{Position -15.9804	-34.2228	4.59765}
				{VolumeView "shieldr5.ply"}
			}
			{bone "shieldr6"
				{parameters "ID=shieldR6;"}
				{Position -36.5809	-34.2172	4.74229}
				{VolumeView "shieldr6.ply"}
			}
			{bone "shieldl7"
				{parameters "ID=shieldL7;"}
				{Position -60.8995	36.8144	4.10007}
				{VolumeView "shieldl7.ply"}
			}
			{bone "shieldl5"
				{parameters "ID=shieldL5;"}
				{Position -15.9804	36.8144	4.59766}
				{VolumeView "shieldl5.ply"}
			}
			{bone "shieldl6"
				{parameters "ID=shieldL6;"}
				{Position -36.5809	36.8089	4.7423}
				{VolumeView "shieldl6.ply"}
			}
			{bone "fxfire1"
				{Matrix34
					0	0	1
					0	-1	0
					1	0	0
					-63.4427	0.940345	8.39732
				}
			}
			{bone "headlightl"
				{Position 76.9492	17.4126	8.13457}
			}
			{bone "headlightr"
				{Position 76.9492	-14.7529	8.13457}
			}
			{bone "fxstop1"
				{Matrix34
					-1	0	0
					0	-1	0
					0	0	1
					-75.356	33.22	14.4965
				}
			}
			{bone "fxstop2"
				{Matrix34
					-1	0	0
					0	-1	0
					0	0	1
					-75.356	-30.6386	14.4965
				}
			}
		}
		{bone "wheelsr"
			{parameters "ID=trackright;"}
			{Matrix34
				1	0	0
				0	0	1
				0	-1	0
				4.18935	-22.5591	11.7189
			}
			{VolumeView "wheelsr.ply"}
			{bone "trackr"
				{parameters "ID=trackright;"}
				{Matrix34
					1	0	0
					0	0	-1
					0	1	0
					-1.04017	1.83111	5.60834
				}
				{VolumeView "trackr.ply"}
			}
			{bone revolute "wheelr2"
				{parameters "ID=trackright;"}
				{Matrix34
					-1	0	0
					0	1	0
					0	0	-1
					41.1101	-3.75988	5.69315
				}
				{VolumeView "wheelr2.ply"}
			}
			{bone revolute "wheelr3"
				{parameters "ID=trackright;"}
				{Matrix34
					-1	0	0
					0	1	0
					0	0	-1
					21.8983	-3.75991	5.69315
				}
				{VolumeView "wheelr3.ply"}
			}
			{bone revolute "wheelr4"
				{parameters "ID=trackright;"}
				{Matrix34
					-1	0	0
					0	1	0
					0	0	-1
					7.45297	-3.7599	5.69319
				}
				{VolumeView "wheelr4.ply"}
			}
			{bone revolute "wheelr5"
				{parameters "ID=trackright;"}
				{Matrix34
					-1	0	0
					0	1	0
					0	0	-1
					-6.90459	-3.75992	5.69319
				}
				{VolumeView "wheelr5.ply"}
			}
			{bone revolute "wheelr6"
				{parameters "ID=trackright;"}
				{Matrix34
					-1	0	0
					0	1	0
					0	0	-1
					-21.1327	-3.75991	5.69315
				}
				{VolumeView "wheelr6.ply"}
			}
			{bone revolute "wheelr7"
				{parameters "ID=trackright;"}
				{Matrix34
					-1	0	0
					0	1	0
					0	0	-1
					-35.2733	-3.7599	5.69314
				}
				{VolumeView "wheelr7.ply"}
			}
			{bone revolute "wheelr8"
				{parameters "ID=trackright;"}
				{Matrix34
					-1	0	0
					0	1	0
					0	0	-1
					-49.1431	-3.75992	5.69314
				}
				{VolumeView "wheelr8.ply"}
			}
			{bone "fxtracer2"
				{Matrix34
					-0.965926	0.258819	0
					0	0	1
					0.258819	0.965926	0
					-49.3835	-10.782	5.6141
				}
			}
			{bone "fxtracer1"
				{Matrix34
					-1	0	0
					0	0	1
					0	1	0
					41.7597	-10.9703	5.48695
				}
			}
		}
		{bone "wheelsl"
			{parameters "ID=trackleft;"}
			{Matrix34
				1	0	0
				0	0	1
				0	-1	0
				4.18937	22.5734	11.7189
			}
			{VolumeView "wheelsl.ply"}
			{bone "trackl"
				{parameters "ID=trackleft;"}
				{Matrix34
					1	0	0
					0	0	-1
					0	1	0
					-1.04018	1.8311	-5.60834
				}
				{VolumeView "trackl.ply"}
			}
			{bone revolute "wheell2"
				{parameters "ID=trackleft;"}
				{Matrix34
					1	0	0
					0	-1	0
					0	0	-1
					41.1101	-3.7599	-5.69314
				}
				{VolumeView "wheell2.ply"}
			}
			{bone revolute "wheell3"
				{parameters "ID=trackleft;"}
				{Matrix34
					1	0	0
					0	-1	0
					0	0	-1
					21.8983	-3.75991	-5.69315
				}
				{VolumeView "wheell3.ply"}
			}
			{bone revolute "wheell4"
				{parameters "ID=trackleft;"}
				{Matrix34
					1	0	0
					0	-1	0
					0	0	-1
					7.45296	-3.75991	-5.69319
				}
				{VolumeView "wheell4.ply"}
			}
			{bone revolute "wheell5"
				{parameters "ID=trackleft;"}
				{Matrix34
					1	0	0
					0	-1	0
					0	0	-1
					-6.9046	-3.75993	-5.69319
				}
				{VolumeView "wheell5.ply"}
			}
			{bone revolute "wheell6"
				{parameters "ID=trackleft;"}
				{Matrix34
					1	0	0
					0	-1	0
					0	0	-1
					-21.1328	-3.75992	-5.69315
				}
				{VolumeView "wheell6.ply"}
			}
			{bone revolute "wheell7"
				{parameters "ID=trackleft;"}
				{Matrix34
					1	0	0
					0	-1	0
					0	0	-1
					-35.2733	-3.75991	-5.69315
				}
				{VolumeView "wheell7.ply"}
			}
			{bone revolute "wheell8"
				{parameters "ID=trackleft;"}
				{Matrix34
					1	0	0
					0	-1	0
					0	0	-1
					-49.1431	-3.75992	-5.69315
				}
				{VolumeView "wheell8.ply"}
			}
			{bone "fxtracel2"
				{Matrix34
					-0.965926	0.258819	0
					0	0	1
					0.258819	0.965926	0
					-49.3836	-10.8474	-5.73891
				}
			}
			{bone "fxtracel1"
				{Matrix34
					-1	0	0
					0	0	1
					0	1	0
					41.7597	-11.0357	-5.73895
				}
			}
		}
	}
}
{Volume "body1"
	{Polyhedron "body1.vol"}
	{Bone "body"}
	{Matrix34
		1	0	0
		0	0	1
		0	-1	0
		12.6975	1.29575	11.7495
	}
}
{Volume "body2"
	{Polyhedron "body2.vol"}
	{Bone "body"}
	{Matrix34
		0	1	0
		0	0	1
		1	0	0
		-46.3537	1.29584	13.7365
	}
}
{Volume "body3"
	{Polyhedron "body3.vol"}
	{Bone "body"}
	{Matrix34
		0	1	0
		0	0	1
		1	0	0
		3.54012	1.29583	3.07531
	}
}
{Volume "crew"
	{Box 11.6162 21.6746 29.8726}
	{Bone "body"}
	{Position 10.7504	0.970489	8.92195}
}
{Volume "engine"
	{Box 18.2138 30.4884 13.8583}
	{Bone "body"}
	{Position -51.6011	0.867041	6.1431}
}
{Volume "gun"
	{Cylinder 2.16535 90.5369}
	{Bone "gun"}
	{Matrix34
		0	1	0
		0	0	1
		1	0	0
		25.4031	0.183762	0.132098
	}
}
{Volume "inventory"
	{Box 14.6266 28.3106 9.84252}
	{Bone "turret"}
	{Position -35.1836	-0.325352	11.9585}
}
{Volume "mantlet"
	{Polyhedron "mantlet.vol"}
	{Bone "gun_rot"}
	{Matrix34
		1	0	0
		0	0	1
		0	-1	0
		2.18762	-0.19799	-0.19924
	}
}
{Volume "shieldl1"
	{Polyhedron "shieldl1.vol"}
	{Bone "shieldl1"}
	{Matrix34
		0	1	0
		0	0	1
		1	0	0
		-0.000202179	0.181602	1.0191
	}
}
{Volume "shieldl2"
	{Polyhedron "shieldl2.vol"}
	{Bone "shieldl2"}
	{Matrix34
		0	1	0
		0	0	1
		1	0	0
		-0.000629425	0.181602	-0.334576
	}
}
{Volume "shieldl3"
	{Polyhedron "shieldl3.vol"}
	{Bone "shieldl3"}
	{Matrix34
		0	1	0
		0	0	1
		1	0	0
		0.885757	0.181606	-0.335644
	}
}
{Volume "shieldl4"
	{Polyhedron "shieldl4.vol"}
	{Bone "shieldl4"}
	{Matrix34
		0	1	0
		0	0	1
		1	0	0
		0.981848	0.0055275	-0.633282
	}
}
{Volume "shieldl5"
	{Polyhedron "shieldl5.vol"}
	{Bone "shieldl5"}
	{Matrix34
		0	1	0
		0	0	1
		1	0	0
		0.865074	0	-0.491396
	}
}
{Volume "shieldl6"
	{Polyhedron "shieldl6.vol"}
	{Bone "shieldl6"}
	{Matrix34
		0	1	0
		0	0	1
		1	0	0
		-0.0267258	0.0055275	-0.638088
	}
}
{Volume "shieldl7"
	{Polyhedron "shieldl7.vol"}
	{Bone "shieldl7"}
	{Matrix34
		0	1	0
		0	0	1
		1	0	0
		-0.000427246	2.67029e-05	-0.000520706
	}
}
{Volume "shieldr1"
	{Polyhedron "shieldr1.vol"}
	{Bone "shieldr1"}
	{Matrix34
		0	1	0
		0	0	1
		1	0	0
		-0.00018692	-0.181606	1.01911
	}
}
{Volume "shieldr2"
	{Polyhedron "shieldr2.vol"}
	{Bone "shieldr2"}
	{Matrix34
		0	1	0
		0	0	1
		1	0	0
		-0.000623703	0	0.00043869
	}
}
{Volume "shieldr3"
	{Polyhedron "shieldr3.vol"}
	{Bone "shieldr3"}
	{Matrix34
		0	1	0
		0	0	1
		1	0	0
		0.885756	-0.181606	-0.33564
	}
}
{Volume "shieldr4"
	{Polyhedron "shieldr4.vol"}
	{Bone "shieldr4"}
	{Matrix34
		0	1	0
		0	0	1
		1	0	0
		0.981853	-0.0055275	-0.63328
	}
}
{Volume "shieldr5"
	{Polyhedron "shieldr5.vol"}
	{Bone "shieldr5"}
	{Matrix34
		0	1	0
		0	0	1
		1	0	0
		0.865005	0	-0.491396
	}
}
{Volume "shieldr6"
	{Polyhedron "shieldr6.vol"}
	{Bone "shieldr6"}
	{Matrix34
		0	1	0
		0	0	1
		1	0	0
		-0.0267105	-0.00552368	-0.63809
	}
}
{Volume "shieldr7"
	{Polyhedron "shieldr7.vol"}
	{Bone "shieldr7"}
	{Matrix34
		0	1	0
		0	0	1
		1	0	0
		-0.000686646	0	-0.000202179
	}
}
{Volume "trackleft"
	{Polyhedron "trackleft.vol"}
	{Bone "wheelsl"}
	{Matrix34
		1	0	0
		0	0	-1
		0	1	0
		-1.04032	1.83099	-5.60832
	}
}
{Volume "trackright"
	{Polyhedron "trackright.vol"}
	{Bone "wheelsr"}
	{Matrix34
		1	0	0
		0	0	-1
		0	1	0
		-1.0404	1.83101	5.60833
	}
}
{Volume "turret"
	{Polyhedron "turret.vol"}
	{Bone "turret"}
	{Position -10.4883	-0.853113	8.30936}
}
