;Exported by: Matty
;Date:        Sun Jun 29 14:42:32 2008
;File:        C:\Users\Matty\Documents\3dsmax\scenes\L85 carbine.max
{Skeleton
	{bone "drawcall_0"
		{Orientation
			1.1433	0	0
			0	-1	0
			0	0	1
		}
		{VolumeView "drawcall_0.ply"}
		{bone "handle"
			{Matrix34
				0.999657	7.23177e-005	-0.0261765
				0	0.999996	0.00288415
				0.0261766	-0.00287455	0.999653
				2.92314	0.198739	-0.267008
			}
		}
		{bone "foresight3"
			{Matrix34
				0.999657	7.23177e-005	-0.0261765
				0	0.999996	0.00288415
				0.0261766	-0.00287455	0.999653
				5.07515	1.70577	-0.318941
			}
		}
               {bone "fxshell"
			{Matrix34
				0	0.45399	0.891007
				-1	0	0
				0	-0.891007	0.45399
				-3.91338	1.25525	0.202325
			}
                      
		}
	}
}
{Volume "body"
	{Box 1.37199 5.83715 11.5122}
	{Bone "drawcall_0"}
	{Matrix34
		-0.0261776	0.00286365	-0.999653
		0	0.999996	0.00289273
		0.999657	7.19041e-005	-0.0261764
		-1.09163	0.995136	-0.0106663
	}
}
{Volume "select"
	{Box 1.70706 6.25571 11.9797}
	{Bone "drawcall_0"}
	{Matrix34
		-0.0261776	0.00286365	-0.999653
		0	0.999996	0.00289273
		0.999657	7.19041e-005	-0.0261764
		-1.11672	0.950772	-0.0424258
	}
}
{Extender "preview"
	{"stuff_primary"
		{camera
			{origin -0.781357	-0.97472	14.2749}
			{lookat -1.31611	-1.09219	-6.146}
			{fov 45}
			{horizon 77.6101}
		}
		{lights
			{"0"
				{type directional}
				{direction -0.0130727	0.0232125	-0.49929}
			}
		}
	}
	{"stuff"
		{camera
			{origin -0.658889	-0.997738	15.4913}
			{lookat -1.36951	-1.06402	-11.6459}
			{fov 45}
			{horizon 99.6688}
		}
		{lights
			{"0"
				{type directional}
				{direction -0.0130426	0.040428	-0.498192}
			}
		}
	}
}
