;Exported by: Timosh
;Date:        Sun May 22 14:57:05 2016
;File:        G:\Работа с Pheonix\Редактирование\Мои модели\Здания\Палатка РФ\Palatka21.max
{Skeleton
	{animation
		{sequence "crush" {speed 0.1}}
	}
	{bone "basis"
		{Orientation
			1	0	0
			0	-1	0
			0	0	1
		}
		{bone "body"
			{parameters "CommonMesh;"}
			{Position 0	5.40416	0.859688}
			{VolumeView "body.ply"}
			{bone "exterior"
				{parameters "CommonMesh;"}
				{VolumeView "exterior.ply"}
			}
		}
		{bone "point02"
			{Position 0	-142.603	66.1556}
		}
		{bone "point03"
			{Position -50.4599	-142.603	46.4571}
		}
		{bone "point04"
			{Position 50.4528	-142.603	46.4571}
		}
		{bone "point05"
			{Position 50.4528	4.21129	46.4571}
		}
		{bone "point06"
			{Position 0	4.21129	66.1556}
		}
		{bone "point07"
			{Position -50.4599	4.21129	46.4571}
		}
		{bone "point08"
			{Position 50.4528	152.737	46.4571}
		}
		{bone "point09"
			{Position 0	152.737	66.1556}
		}
		{bone "point10"
			{Position -50.4599	152.737	46.4571}
		}
		{bone "pointg2"
			{Position -54.7778	0	0}
		}
		{bone "pointg1"
			{Position 57.8704	0	0}
		}
	}
}
{Obstacle "body12"
	{Obb2
		{Center -35.8195 143.93}
		{Extent 22.3594 1.96851}
		{Axis 1 0}
	}
	{Rotate}
}
{Obstacle "body14"
	{Obb2
		{Center 35.5632 143.93}
		{Extent 22.3594 1.96851}
		{Axis 1 0}
	}
	{Rotate}
}
{Obstacle "body15"
	{Obb2
		{Center -14.0421 152.535}
		{Extent 1.96851 7.6459}
		{Axis 1 0}
	}
	{Rotate}
}
{Obstacle "body18"
	{Obb2
		{Center 13.7772 152.535}
		{Extent 1.96851 7.6459}
		{Axis 1 0}
	}
	{Rotate}
}
{Obstacle "body1"
	{Obb2
		{Center -55.2099 -4.11742}
		{Extent 5.61818 149.919}
		{Axis 1 0}
	}
	{Rotate}
}
{Obstacle "body2"
	{Obb2
		{Center 55.2043 -4.11742}
		{Extent 5.6182 149.919}
		{Axis 1 0}
	}
	{Rotate}
}
{Obstacle "body5"
	{Obb2
		{Center -36.1332 -153.487}
		{Extent 22.3594 1.96851}
		{Axis 1 0}
	}
	{Rotate}
}
{Obstacle "body6"
	{Obb2
		{Center 35.2495 -153.487}
		{Extent 22.3594 1.96851}
		{Axis 1 0}
	}
	{Rotate}
}
{Obstacle "body8"
	{Obb2
		{Center 13.4721 -162.093}
		{Extent 1.96851 7.6459}
		{Axis 1 0}
	}
	{Rotate}
}
{Obstacle "body9"
	{Obb2
		{Center -14.3472 -162.093}
		{Extent 1.96851 7.6459}
		{Axis 1 0}
	}
	{Rotate}
}
{Area "interior"
	{Obb2
		{Center -0.702286 -1.41522}
		{Extent 59.0551 147.638}
		{Axis -1 0}
	}
	{Rotate}
}
{Volume "body10"
	{Box 3.93701 15.2918 16.4026}
	{Bone "body"}
	{Matrix34
		-0.422618	0	0.906308
		0	-1	0
		0.906308	0	0.422618
		-6.70867	156.689	38.7106
	}
}
{Volume "body11"
	{Box 3.93701 15.2918 16.4026}
	{Bone "body"}
	{Matrix34
		0.422618	0	0.906308
		0	1	0
		-0.906308	0	0.422618
		6.55562	156.689	38.7106
	}
}
{Volume "body12"
	{Polyhedron "body12.vol"}
	{Bone "body"}
	{Matrix34
		0	-1	0
		1	0	0
		0	0	1
		-33.6094	-149.334	-0.859688
	}
}
{Volume "body13"
	{Polyhedron "body13.vol"}
	{Bone "body"}
	{Matrix34
		0	-1	0
		1	0	0
		0	0	1
		-18.4841	-149.334	37.3064
	}
}
{Volume "body14"
	{Polyhedron "body14.vol"}
	{Bone "body"}
	{Matrix34
		0	1	0
		-1	0	0
		0	0	1
		33.353	-149.334	-0.859688
	}
}
{Volume "body15"
	{Box 3.93701 15.2918 37.2787}
	{Bone "body"}
	{Position -14.0421	-157.939	17.7797}
}
{Volume "body16"
	{Box 3.93701 15.2918 16.4026}
	{Bone "body"}
	{Matrix34
		-0.422618	0	0.906308
		0	-1	0
		0.906308	0	0.422618
		-7.12563	-157.939	38.7106
	}
}
{Volume "body17"
	{Box 3.93701 15.2918 16.4026}
	{Bone "body"}
	{Matrix34
		0.422618	0	0.906308
		0	1	0
		-0.906308	0	0.422618
		6.13866	-157.939	38.7106
	}
}
{Volume "body18"
	{Box 3.93701 15.2918 37.2787}
	{Bone "body"}
	{Position 13.7772	-157.939	17.7797}
}
{Volume "body1"
	{Box 3.93701 299.839 47.1882}
	{Bone "body"}
	{Matrix34
		0.987804	0	-0.155703
		0	1	0
		0.155703	0	0.987804
		-55.2099	-1.28675	22.4467
	}
}
{Volume "body2"
	{Box 3.93701 299.839 47.1882}
	{Bone "body"}
	{Matrix34
		-0.987804	0	-0.155703
		0	-1	0
		-0.155703	0	0.987804
		55.2043	-1.28675	22.4467
	}
}
{Volume "body3"
	{Box 3.93701 299.839 57.0977}
	{Bone "body"}
	{Matrix34
		-0.386803	0	-0.922162
		0	-1	0
		-0.922162	0	0.386803
		25.2473	-1.28675	55.2005
	}
}
{Volume "body4"
	{Box 3.93701 299.839 57.0977}
	{Bone "body"}
	{Matrix34
		0.386803	0	-0.922162
		0	1	0
		0.922162	0	0.386803
		-25.2481	-1.28675	55.2005
	}
}
{Volume "body5"
	{Polyhedron "body5.vol"}
	{Bone "body"}
	{Matrix34
		0	-1	0
		1	0	0
		0	0	1
		-33.923	148.083	-0.859688
	}
}
{Volume "body6"
	{Polyhedron "body6.vol"}
	{Bone "body"}
	{Matrix34
		0	1	0
		-1	0	0
		0	0	1
		33.0394	148.083	-0.859688
	}
}
{Volume "body7"
	{Polyhedron "body7.vol"}
	{Bone "body"}
	{Matrix34
		0	1	0
		-1	0	0
		0	0	1
		17.9141	148.083	37.3064
	}
}
{Volume "body8"
	{Box 3.93701 15.2918 37.2787}
	{Bone "body"}
	{Matrix34
		-1	0	0
		0	-1	0
		0	0	1
		13.4721	156.689	17.7797
	}
}
{Volume "body9"
	{Box 3.93701 15.2918 37.2787}
	{Bone "body"}
	{Matrix34
		-1	0	0
		0	-1	0
		0	0	1
		-14.3472	156.689	17.7797
	}
}
