;Exported by: Verena
;Date:        Wed Mar 21 11:31:34 2018
;File:        D:\work in progress\Modeling\camo_net\camo_net_large_04.max
{Skeleton
	{bone "camo_net_end_small"
		{Orientation
			1	0	0
			0	-1	0
			0	0	1
		}
		{LODView
			{VolumeView "camo_net_end_small.ply"}
			{VolumeView "camo_net_end_small_lod1.ply"}
		}
	}
}
{Obstacle "main"
	{Obb2
		{Center 12.3078 0.82312}
		{Extent 13.7795 85.3484}
		{Axis -0.99852 -0.0543793}
	}
	{Rotate}
}
{Volume "body1"
	{Box 60.1316 123.024 7.39506}
	{Bone "camo_net_end_small"}
	{Matrix34
		-0.251951	-0.928945	0.271261
		-0.505727	0.365371	0.781501
		-0.825082	0.0597153	-0.561849
		-9.86279	-39.0218	31.7325
	}
}
{Volume "body2"
	{Box 90.1822 110.546 7.39506}
	{Bone "camo_net_end_small"}
	{Matrix34
		-0.66961	0.0246447	0.742304
		0.0554774	0.998317	0.0169
		-0.740638	0.0524975	-0.66985
		2.38323	-5.89946	18.0505
	}
}
{Volume "body3"
	{Box 60.1316 123.024 7.39506}
	{Bone "camo_net_end_small"}
	{Matrix34
		0.327529	-0.911786	-0.247732
		-0.538113	-0.395528	0.744307
		-0.776634	-0.110474	-0.62019
		-9.39659	40.1902	35.9609
	}
}
