;Exported by: Richtofen
;Date:        Wed Jun 29 20:35:00 2016
;File:        C:\Users\Richtofen\Desktop\m113\plugin.max
{Skeleton
	{animation
		{sequence "start"}
		{sequence "stop"}
		{sequence "fire_mgun"}
		{sequence "open" {resume}}
		{sequence "open_driver" {resume}}
		{sequence "open_back" {resume}}
		{sequence "hit"}
	}
	{bone "basis"
		{parameters "Wheelradius=0.4;"}
		{Orientation
			1	0	0
			0	-1	0
			0	0	1
		}
		{bone "emit2"
			{Matrix34
				0	1	0
				-1	0	0
				0	0	1
				19.9981	-41.9901	0
			}
			{visibility 0}
		}
		{bone "emit3"
			{Position -61.607	0.00933838	0}
			{visibility 0}
		}
		{bone "emit1"
			{Matrix34
				0	-1	0
				1	0	0
				0	0	1
				19.9981	40.8973	0
			}
			{visibility 0}
		}
		{bone "emit4"
			{Position -61.607	0.00933838	0}
			{visibility 0}
		}
		{bone "body"
			{parameters "ID=body;"}
			{animation
				{sequence "repair" {file "body_r.anm"}}
			}
			{Position -2.83391	-0.00359967	15.8491}
			{VolumeView "body.ply"}
			{bone "smoke_ammo"}
			{bone "fxstop1"
				{Matrix34
					-1	0	0
					0	-1	0
					0	0	1
					-45.6661	22.1215	17.0561
				}
			}
			{bone "fxstop2"
				{Matrix34
					-1	0	0
					0	-1	0
					0	0	1
					-45.6661	-22.0545	17.0561
				}
			}
			{bone "launch_base"
				{Matrix34
					1	0	0
					0	-1	0
					0	0	-1
					41.8421	0.00359967	13.331
				}
				{bone "smoke06"
					{Matrix34
						0.906308	0	-0.422618
						0	1	0
						0.422618	0	0.906308
						0.625893	-20.1993	-4.02801
					}
				}
				{bone "smoke07"
					{Matrix34
						0.875426	-0.23457	-0.422618
						0.258819	0.965926	0
						0.408218	-0.109382	0.906308
						1.02166	-21.4337	-2.54939
					}
				}
				{bone "smoke08"
					{Matrix34
						0.784886	-0.453154	-0.422618
						0.5	0.866025	0
						0.365998	-0.211309	0.906308
						0.830704	-23.9932	-2.35772
					}
				}
				{bone "smoke05"
					{Matrix34
						0.519837	-0.742404	-0.422618
						0.819152	0.573577	0
						0.242404	-0.346188	0.906308
						-0.586075	-25.0062	-3.39166
					}
				}
				{bone "smoke01"
					{Matrix34
						0.519837	0.742404	-0.422618
						-0.819152	0.573576	0
						0.242404	0.346189	0.906308
						-0.586037	25.049	-3.39164
					}
				}
				{bone "smoke03"
					{Matrix34
						0.906308	0	-0.422618
						0	1	0
						0.422618	0	0.906308
						0.625923	20.1234	-4.02801
					}
				}
				{bone "smoke04"
					{Matrix34
						0.875426	0.23457	-0.422618
						-0.258819	0.965926	0
						0.408218	0.109382	0.906308
						1.02169	21.402	-2.54939
					}
				}
				{bone "smoke02"
					{Matrix34
						0.784886	0.453154	-0.422618
						-0.5	0.866025	0
						0.365998	0.211309	0.906308
						0.830742	24.0206	-2.35771
					}
				}
			}
			{bone "headlightr"
				{Position 37.2521	-23.1074	19.4811}
			}
			{bone "headlightl"
				{Position 37.2521	23.1332	19.4811}
			}
			{bone "fxfire1"
				{Position 20.8899	-2.40901	19.4195}
			}
			{bone "object0"
				{parameters "ID=body;"}
				{Position 40.366	0	14.675}
				{VolumeView "object0.ply"}
			}
			{bone "visor2"
				{Position 30.5996	13.3249	21.9708}
			}
			{bone "object1"
				{parameters "ID=body;"}
				{Position 45.0773	21.4112	7.71919}
				{VolumeView "object1.ply"}
			}
			{bone "anten"
				{parameters "ID=body;"}
				{Position -22.2789	-22.318	25.1725}
				{VolumeView "anten.ply"}
			}
			{bone "engine"
				{parameters "ID=engine;"}
				{animation
					{sequence "repair" {file "engine_r.anm"}}
				}
				{Position 21.6859	4.89993	21.4312}
				{VolumeView "engine.ply"}
			}
			{bone revolute "turret_mgun"
				{parameters "ID=body;"}
				{Position 0.966326	-0.0179749	20.8196}
				{VolumeView "turret_mgun.ply"}
				{bone revolute "mgun"
					{parameters "ID=body;"}
					{Matrix34
						1	0	0
						0	0	-1
						0	1	0
						11.9461	3.25015	11.6361
					}
					{VolumeView "mgun.ply"}
					{bone prizmatic "foresight3"
						{Matrix34
							1	0	0
							0	-1	0
							0	0	-1
							23.3932	-1.06409	-3.43875
						}
					}
				}
				{bone "cover1"
					{parameters "ID=body;"}
					{Position -7.10015	0.000823975	3.72302}
					{VolumeView "cover1.ply"}
				}
				{bone "visor1"
					{Matrix34
						0.999411	0.0117272	-0.0322694
						-0.0108332	0.999556	0.0277415
						0.0325804	-0.0273756	0.999094
						8.75539	-0.242126	14.3248
					}
				}
				{bone "gunner2"
					{Matrix34
						0.999338	0	-0.0363878
						0	1	0
						0.0363878	0	0.999338
						-1.66326	-0.186798	-12.9814
					}
				}
			}
			{bone "door_back"
				{parameters "ID=body;"}
				{Position -39.6382	0	-6.97498}
				{VolumeView "door_back.ply"}
			}
			{bone revolute "wheell1"
				{parameters "ID=trackleft;"}
				{Matrix34
					1	0	0
					0	0	-1
					0	1	0
					42.4154	21.3204	-3.93495
				}
				{VolumeView "wheell1.ply"}
			}
			{bone revolute "wheell7"
				{parameters "ID=trackleft;"}
				{Matrix34
					1	0	0
					0	0	-1
					0	1	0
					-38.3692	21.2287	-6.06203
				}
				{VolumeView "wheell7.ply"}
			}
			{bone revolute "wheelr1"
				{parameters "ID=trackright;"}
				{Matrix34
					-1	0	0
					0	0	1
					0	1	0
					42.4154	-21.3203	-3.93493
				}
				{VolumeView "wheelr1.ply"}
			}
			{bone revolute "wheelr7"
				{parameters "ID=trackright;"}
				{Matrix34
					-1	0	0
					0	0	1
					0	1	0
					-38.3692	-21.2286	-6.06202
				}
				{VolumeView "wheelr7.ply"}
			}
			{bone "door_front"
				{parameters "ID=body;"}
				{Position 14.3799	13.2191	21.5895}
				{VolumeView "door_front.ply"}
			}
			{bone "fxsmoke2"
				{Position 21.0991	-18.654	22.8765}
			}
			{bone "fxsmoke1"
				{Position 21.0991	-18.654	22.8765}
			}
			{bone "fxfire2"
				{Matrix34
					0	0	1
					0	-1	0
					1	0	0
					0.140429	-0.996582	10.1819
				}
			}
			{bone "fxtracer1"
				{Matrix34
					-1	0	0
					0	-1	0
					0	0	1
					31.7462	-20.6776	-9.56184
				}
			}
			{bone "fxtracer2"
				{Matrix34
					-0.965926	0	0.258819
					0	-1	0
					0.258819	0	0.965926
					-30.4713	-20.8047	-13.5236
				}
			}
			{bone "fxtracel2"
				{Matrix34
					-0.965926	0	0.258819
					0	-1	0
					0.258819	0	0.965926
					-30.4714	20.7521	-14.0829
				}
			}
			{bone "fxtracel1"
				{Matrix34
					-1	0	0
					0	-1	0
					0	0	1
					31.7462	20.7522	-10.1212
				}
			}
		}
		{bone "wheelsl"
			{parameters "ID=trackleft;"}
			{Position 1.34638	17.6815	9.68553}
			{VolumeView "wheelsl.ply"}
			{bone "trackl"
				{parameters "ID=trackleft;"}
				{Position -1.75558	3.1048	-1.73938}
				{VolumeView "trackl.ply"}
			}
			{bone revolute "wheell2"
				{parameters "ID=trackleft;"}
				{Matrix34
					1	0	0
					0	0	-1
					0	1	0
					25.098	3.6492	-1.94715
				}
				{VolumeView "wheell2.ply"}
			}
			{bone revolute "wheell3"
				{parameters "ID=trackleft;"}
				{Matrix34
					1	0	0
					0	0	-1
					0	1	0
					12.1442	3.6492	-1.94715
				}
				{VolumeView "wheell3.ply"}
			}
			{bone revolute "wheell4"
				{parameters "ID=trackleft;"}
				{Matrix34
					1	0	0
					0	0	-1
					0	1	0
					-1.30516	3.6492	-1.94715
				}
				{VolumeView "wheell4.ply"}
			}
			{bone revolute "wheell5"
				{parameters "ID=trackleft;"}
				{Matrix34
					1	0	0
					0	0	-1
					0	1	0
					-14.6884	3.6492	-1.94715
				}
				{VolumeView "wheell5.ply"}
			}
			{bone revolute "wheell6"
				{parameters "ID=trackleft;"}
				{Matrix34
					1	0	0
					0	0	-1
					0	1	0
					-28.0252	3.6492	-1.94715
				}
				{VolumeView "wheell6.ply"}
			}
		}
		{bone "wheelsr"
			{parameters "ID=trackright;"}
			{Position 1.34638	-17.6602	9.68553}
			{VolumeView "wheelsr.ply"}
			{bone "trackr"
				{parameters "ID=trackright;"}
				{Position -1.75558	-3.1333	-1.73936}
				{VolumeView "trackr.ply"}
			}
			{bone revolute "wheelr2"
				{parameters "ID=trackright;"}
				{Matrix34
					-1	0	0
					0	0	1
					0	1	0
					25.098	-3.6842	-1.94713
				}
				{VolumeView "wheelr2.ply"}
			}
			{bone revolute "wheelr3"
				{parameters "ID=trackright;"}
				{Matrix34
					-1	0	0
					0	0	1
					0	1	0
					12.1442	-3.6842	-1.94713
				}
				{VolumeView "wheelr3.ply"}
			}
			{bone revolute "wheelr4"
				{parameters "ID=trackright;"}
				{Matrix34
					-1	0	0
					0	0	1
					0	1	0
					-1.30516	-3.6842	-1.94713
				}
				{VolumeView "wheelr4.ply"}
			}
			{bone revolute "wheelr5"
				{parameters "ID=trackright;"}
				{Matrix34
					-1	0	0
					0	0	1
					0	1	0
					-14.6884	-3.6842	-1.94713
				}
				{VolumeView "wheelr5.ply"}
			}
			{bone revolute "wheelr6"
				{parameters "ID=trackright;"}
				{Matrix34
					-1	0	0
					0	0	1
					0	1	0
					-28.0252	-3.6842	-1.94713
				}
				{VolumeView "wheelr6.ply"}
			}
		}
	}
}
{Volume "body1"
	{Polyhedron "body1.vol"}
	{Bone "body"}
	{Position -0.18166	0.0341187	6.82069}
}
{Volume "body2"
	{Polyhedron "body2.vol"}
	{Bone "body"}
	{Position -0.18166	0.0341187	6.82069}
}
{Volume "crew"
	{Box 15.5294 18.5882 25.4118}
	{Bone "body"}
	{Matrix34
		1	0	0
		0	0	1
		0	-1	0
		21.4032	-0.425485	10.7157
	}
}
{Volume "engine"
	{Box 18.2138 30.4884 13.8583}
	{Bone "body"}
	{Position 21.3797	-0.253601	8.47353}
}
{Volume "inventory"
	{Box 14.6266 28.3106 15.6401}
	{Bone "body"}
	{Position 2.1068	-0.150147	8.29448}
}
{Volume "trackleft"
	{Polyhedron "trackleft.vol"}
	{Bone "wheelsl"}
	{Position -2.78053	3.23547	-9.68552}
}
{Volume "trackright"
	{Polyhedron "trackright.vol"}
	{Bone "wheelsr"}
	{Position -2.78053	-3.17355	-9.68552}
}
