;Exported by: Maks
;Date:        Sat Sep 20 00:05:40 2014
;File:        D:\Users\Maks\Documents\3dsmax\scenes\Разраб\Стрелковка\Автоматы\Калаши\АК-74М+ПСО.max
{Skeleton
	{bone "box01"
		{Orientation
			1	0	0
			0	-1	0
			0	0	1
		}
		{VolumeView "box01.ply"}
		{bone "foresight3"
			{Matrix34
				0.999103	0.00446159	-0.0421132
				-0.0421037	-0.00220236	-0.999111
				-0.0045504	0.999988	-0.00201253
				14.7109	1.62807	-0.308643
			}
		}
		{bone "fxshell"
			{Matrix34
				0.0421302	0.00220224	0.99911
				0.999101	0.00455868	-0.0421399
				-0.00463975	0.999987	-0.00200853
				4.00436	2.00676	0.774596
			}
		}
		{bone "pso"
			{Matrix34
				0.0421303	0.00220075	0.99911
				0.999102	0.00439898	-0.0421396
				-0.00448781	0.999988	-0.00201344
				1.50034	2.4951	0.171247
			}
			{VolumeView "pso.ply"}
		}
	}
}
{Volume "body"
	{Box 14.8942 1.07526 2.71658}
	{Bone "box01"}
	{Matrix34
		0.999103	0.00446155	-0.0421132
		-0.0421037	-0.00220236	-0.999111
		-0.00455044	0.999988	-0.00201253
		3.71827	1.08103	0.102798
	}
}
{Volume "select"
	{Box 14.8942 1.07526 2.71658}
	{Bone "box01"}
	{Matrix34
		0.999103	0.00446155	-0.0421132
		-0.0421037	-0.00220236	-0.999111
		-0.00455044	0.999988	-0.00201253
		3.71827	1.08103	0.102798
	}
}
{Extender "preview"
	{"Stuff"
		{camera
			{origin 6.62818	-6.3698	32.1661}
			{lookat 6.14337	-3.61943	15.6367}
			{fov 45}
			{horizon -177.044}
		}
		{lights
			{"0"
				{type point}
				{position 14.5696	-4.38938	7.74909}
			}
			{"1"
				{type directional}
				{direction -0.0660742	0.202516	-0.452351}
			}
			{"2"
				{type point}
				{position -3.56448	-2.58428	6.17975}
			}
		}
	}
	{"Stuff_primary"
		{camera
			{origin 6.63234	-6.4833	32.8271}
			{lookat 6.12813	-3.62293	15.6366}
			{fov 45}
			{horizon -177.044}
		}
		{lights
			{"0"
				{type point}
				{position 14.5696	-4.38938	7.74909}
			}
			{"1"
				{type directional}
				{direction -0.0660742	0.202516	-0.452351}
			}
			{"2"
				{type point}
				{position -3.56448	-2.58428	6.17975}
			}
		}
	}
}

