;Exported by: Matty
;Date:        Wed Jul 02 23:51:24 2008
;File:        C:\Users\Matty\Documents\FOW models\EFAE\Weapons\rpd.max
{Skeleton
	{bone "drawcall_0"
		{Orientation
			1	0	0
			0	-1	0
			0	0	1
		}
		{VolumeView "drawcall_0.ply"}
		{bone "foresight3"
			{Matrix34
				0.999848	-0.0174528	0
				0.0174501	0.999695	-0.0174523
				0.000304658	0.0174496	0.999848
				15.7467	1.30773	-0.0176792
			}
		}
		{bone "handle"
			{Matrix34
				0.999848	-0.0174528	0
				0.0174501	0.999695	-0.0174523
				0.000304658	0.0174496	0.999848
				6.44033	0.183314	0.00478154
			}
		}
                {bone "fxshell"
			{Matrix34
				0	0.45399	0.891007
				-1	0	0
				0	-0.891007	0.45399
				4.91338	1.25525	0.202325
			}
                      
		}
	}
}
{Volume "body"
	{Box 20.9037 7.76986 7.00803}
	{Bone "drawcall_0"}
	{Matrix34
		0.999848	-0.0174528	0
		0.0174501	0.999696	-0.0174523
		0.000304658	0.0174496	0.999848
		4.82926	-1.13079	-0.195193
	}
}
{Volume "select"
	{Box 21.2962 8.64495 7.56209}
	{Bone "drawcall_0"}
	{Matrix34
		0.999848	-0.0174528	0
		0.0174501	0.999696	-0.0174523
		0.000304658	0.0174496	0.999848
		4.85541	-1.12065	-0.159468
	}
}
{Extender "preview"
	{"stuff"
		{camera
			{origin 5.00277	-1.09413	26.6447}
			{lookat 5.28808	0.59864	-3.96367}
			{fov 50}
			{horizon -152.427}
		}
		{lights
			{"0"
				{type directional}
				{direction 0.00417158	0.0952031	-0.490835}
			}
		}
	}
	{"stuff_primary"
		{camera
			{origin 4.49656	-0.428838	25.5244}
			{lookat 4.64013	0.463165	8.503}
			{fov 50}
			{horizon -169.852}
		}
		{lights
			{"0"
				{type directional}
				{direction 0.00403855	0.167431	-0.471116}
			}
		}
	}
}
